cmd: ./a.out 1 ../tests_student/dataN1e5.txt 1
events: Ir
fl=./csu/../csu/libc-start.c
fn=__libc_start_main@@GLIBC_2.34
128 2
134 3
135 7
138 1
139 2
142 3
143 2
144 11
145 4
242 12
343 3
344 3
369 6
372 2
375 2
382 2
384 2
392 4
fl=./csu/../sysdeps/nptl/libc_start_call_main.h
fn=(below main)
29 9
44 3
46 2
51 2
52 2
55 2
58 7
74 1
fl=./csu/./csu/init-first.c
fn=_init_first
46 4
51 2
55 5
61 1
62 1
63 2
71 2
72 2
fl=./ctype/./ctype/ctype-info.c
fn=__ctype_init
29 1
31 7
33 4
35 4
36 1
fl=./elf/../bits/stdlib-bsearch.h
fn=intel_check_word.constprop.0
27 102
28 51
29 971
31 690
32 345
37 63
fl=./elf/../elf/dl-sysdep.c
fn=_dl_sysdep_start
85 10
86 1
87 1
109 1
110 237
113 2
114 1
119 1
121 140
122 119
125 1
126 1
128 1
131 2
132 1
134 2
135 1
150 2
151 1
153 2
154 1
156 2
157 1
162 2
163 1
178 2
179 1
224 1
227 1
238 3
239 2
241 5
253 3
256 5
258 9
fn=_dl_sysdep_start_cleanup
262 1
263 1
fl=./elf/../elf/dl-tls.c
fn=_dl_add_to_slotinfo
1015 16
1021 2
1024 2
1025 2
1029 6
1063 4
1066 6
1067 6
1070 12
fn=_dl_allocate_tls_init
528 10
529 2
533 2
535 1
536 1
539 2
542 3
554 1
559 23
565 6
568 6
569 4
575 6
576 4
578 15
581 4
582 4
585 4
586 8
588 4
589 4
598 2
606 4
608 16
614 2
620 2
623 2
626 9
fn=_dl_allocate_tls_storage
370 1
374 1
375 1
376 2
379 1
385 2
422 4
424 1
435 1
436 1
437 3
445 4
446 1
450 321
469 1
475 5
fn=_dl_assign_tls_modid
131 4
134 4
147 2
186 2
188 2
191 2
192 4
fn=_dl_count_modids
197 1
199 2
200 1
215 2
fn=_dl_determine_tlsoffset
221 8
222 1
223 1
224 1
227 3
230 2
264 1
266 16
268 7
270 6
271 4
273 4
275 10
286 2
291 16
293 4
294 2
306 1
307 9
309 2
360 8
fn=_dl_tls_static_surplus_init
83 3
97 6
101 6
102 6
108 2
110 4
113 1
115 1
117 3
118 5
fl=./elf/../include/list.h
fn=__tls_init_tp
43 2
44 2
45 1
47 1
fl=./elf/../include/rtld-malloc.h
fn=__minimal_calloc
56 17
fn=_dl_allocate_tls_storage
44 2
56 1
fn=_dl_check_map_versions
44 18
fn=_dl_find_object_init
56 2
fn=_dl_important_hwcaps
56 3
fn=_dl_init_paths
56 3
fn=_dl_map_object_deps
56 12
fn=_dl_new_object
44 24
56 15
fn=do_lookup_x
44 12
fn=init_tls
44 2
fn=open_verify.constprop.0
50 8
fn=open_verify.constprop.1
50 2
fl=./elf/../include/scratch_buffer.h
fn=_dl_map_object_deps
77 3
78 1
85 3
131 15
fl=./elf/../misc/sbrk.c
fn=sbrk
37 5
40 1
58 2
62 2
78 5
fl=./elf/../nptl/nptl-stack.h
fn=__libc_early_init
58 8
fl=./elf/../sysdeps/generic/dl-cache.h
fn=_dl_load_cache_lookup
125 20
194 1
195 5
fl=./elf/../sysdeps/generic/dl-debug.h
fn=dl_main
29 3
30 2
fl=./elf/../sysdeps/generic/dl-hash.h
fn=__rtld_malloc_init_real
43 1
44 1
45 19
48 18
62 24
67 1
72 1
fl=./elf/../sysdeps/generic/dl-protected.h
fn=do_lookup_x
29 4204
44 14819
fl=./elf/../sysdeps/generic/ldsodefs.h
fn=_dl_relocate_object
138 10173
fn=_dl_start
80 3
fn=do_lookup_x
137 4204
138 6306
fl=./elf/../sysdeps/nptl/dl-mutex.c
fn=__rtld_mutex_init
30 4
37 1
40 7
44 2
45 9
47 6
51 2
52 7
53 4
fl=./elf/../sysdeps/nptl/dl-tls_init_tp.c
fn=__tls_init_tp
68 3
69 1
72 1
75 4
76 2
77 1
82 2
87 4
90 1
93 3
106 4
123 3
130 2
132 1
133 1
134 3
fn=__tls_pre_init_tp
53 3
56 10
61 2
62 1
64 1
fn=rtld_mutex_dummy
42 258
44 516
fl=./elf/../sysdeps/nptl/pthread_early_init.h
fn=__libc_early_init
33 6
34 6
45 2
46 1
52 7
53 1
54 1
57 1
fl=./elf/../sysdeps/posix/dl-fileid.h
fn=_dl_map_object_from_fd
37 25
40 20
49 58
fl=./elf/../sysdeps/unix/sysv/linux/brk.c
fn=brk
35 1
36 3
37 2
43 1
44 1
fl=./elf/../sysdeps/unix/sysv/linux/dl-osinfo.h
fn=dl_main
64 2
fl=./elf/../sysdeps/unix/sysv/linux/dl-sysdep.c
fn=_dl_discover_osversion
46 5
48 3
88 4
103 1
107 1
108 1
110 12
112 6
114 12
120 3
121 3
122 3
124 13
129 2
133 5
fn=_dl_sysdep_start
36 2
fl=./elf/../sysdeps/unix/sysv/linux/dl-vdso-setup.h
fn=dl_main
30 3
33 1
36 1
39 1
45 1
fl=./elf/../sysdeps/unix/sysv/linux/dl-vdso.h
fn=dl_main
40 1
41 2
55 2
fl=./elf/../sysdeps/unix/sysv/linux/rseq-internal.h
fn=__tls_init_tp
32 3
34 7
37 2
40 1
fl=./elf/../sysdeps/unix/sysv/linux/x86/cpu-features.c
fn=init_cpu_features.constprop.0
27 6
fl=./elf/../sysdeps/unix/sysv/linux/x86/dl-minsigstacksize.h
fn=get_common_indices.constprop.0
24 2
27 2
28 2
65 3
72 1
74 1
fl=./elf/../sysdeps/x86/cpu-features.c
fn=get_common_indices.constprop.0
325 1
329 4
332 5
336 1
337 4
338 4
339 4
340 3
341 2
348 2
350 9
355 8
362 2
363 7
369 2
384 2
fn=init_cpu_features.constprop.0
303 3
304 2
305 6
310 2
311 6
316 2
317 6
399 7
402 1
403 1
404 1
415 3
418 6
419 1
422 2
424 6
429 1
431 3
433 4
434 15
489 3
503 1
513 11
516 1
555 1
556 1
564 2
571 2
573 1
577 2
583 2
593 1
687 5
688 1
691 2
692 1
698 1
699 1
701 1
706 4
710 3
723 2
724 4
770 1
771 2
775 3
792 2
793 2
795 3
796 2
798 3
799 2
802 2
817 4
819 4
829 2
874 8
fn=update_active.constprop.0
43 7
47 1
55 3
56 3
57 1
65 4
66 1
74 4
75 1
76 3
80 4
83 3
84 1
87 3
88 2
92 8
93 3
94 3
95 1
97 4
98 3
100 2
101 4
104 4
105 4
109 2
113 2
115 4
119 2
121 1
124 2
126 2
130 1
131 1
134 4
140 4
142 4
144 3
149 4
198 3
210 2
211 1
214 4
218 2
222 3
223 2
225 1
226 1
229 2
231 1
234 2
285 3
289 3
296 1
297 8
fl=./elf/../sysdeps/x86/dl-cacheinfo.h
fn=get_common_cache_info.constprop.0
481 9
496 1
497 1
498 2
499 1
505 1
507 8
510 4
521 1
526 3
530 2
535 6
538 23
545 8
548 26
553 2
557 3
558 1
562 6
566 3
569 4
570 1
575 4
581 4
589 7
591 2
593 5
595 12
597 1
598 1
599 9
601 4
604 2
609 1
611 5
612 3
613 1
616 2
619 2
626 1
628 4
629 1
634 2
639 2
640 1
641 2
642 3
643 2
681 4
682 5
686 2
693 1
694 1
695 7
fn=handle_intel.constprop.0
250 96
255 24
261 24
263 12
264 36
266 15
272 60
277 24
279 24
280 12
284 48
286 24
289 60
291 24
294 5
296 2
299 5
301 2
305 3
310 96
fn=init_cpu_features.constprop.0
706 1
708 1
722 2
724 5
725 3
726 4
729 3
731 3
732 1
734 3
736 3
737 1
739 3
741 3
744 3
746 3
748 3
750 4
840 18
863 15
885 2
886 1
893 11
910 4
923 4
931 5
933 2
936 5
938 4
941 5
942 5
946 6
947 3
953 8
956 15
957 9
958 12
961 8
963 8
967 7
970 1
fn=intel_check_word.constprop.0
110 690
113 345
119 104
123 78
125 15
129 156
131 154
133 63
135 126
143 126
152 54
155 120
158 99
162 64
164 186
166 84
168 44
169 32
170 10
172 11
174 22
176 12
177 16
178 12
179 20
180 14
181 12
183 8
184 12
187 21
194 204
202 200
216 51
246 104
fl=./elf/../sysdeps/x86/dl-cet.c
fn=_dl_cet_check
41 2
42 1
44 1
45 1
48 4
49 2
51 1
62 2
252 8
254 8
fl=./elf/../sysdeps/x86/dl-get-cpu-features.c
fn=__x86_cpu_features
39 3
71 3
fn=_dl_x86_init_cpu_features
37 1
39 3
41 1
fl=./elf/../sysdeps/x86/dl-hwcap.h
fn=_dl_important_hwcaps
57 3
fl=./elf/../sysdeps/x86/dl-procinfo.h
fn=_dl_load_cache_lookup
39 8
42 28
fl=./elf/../sysdeps/x86/dl-prop.h
fn=_dl_map_object_from_fd
95 36
100 4
101 8
102 4
103 4
105 28
108 12
109 8
110 8
114 12
118 12
121 12
122 8
126 4
127 16
131 16
132 6
135 12
138 6
139 24
144 12
146 24
151 12
164 12
165 14
166 4
170 6
185 12
187 16
192 4
193 16
198 16
200 16
201 4
203 4
212 12
213 4
fn=dl_main
36 1
37 24
40 8
49 47
53 39
71 3
95 8
100 1
101 2
102 1
103 1
105 9
108 3
109 2
110 2
114 3
118 3
121 3
122 2
126 1
127 4
131 6
132 2
135 4
138 2
139 8
144 4
146 8
151 4
164 4
165 4
166 2
170 3
185 3
187 4
192 1
193 4
198 4
200 4
201 1
203 2
212 5
213 2
fl=./elf/../sysdeps/x86/get-isa-level.h
fn=_dl_hwcaps_subdirs_active
30 2
31 3
32 3
36 3
39 4
40 4
45 4
48 2
49 3
51 4
52 2
53 2
56 2
59 2
fn=update_active.constprop.0
28 1
30 2
31 2
32 3
36 3
38 1
39 3
40 4
45 4
47 1
48 2
49 3
51 4
52 2
53 2
55 1
56 2
59 2
fl=./elf/../sysdeps/x86_64/dl-hwcaps-subdirs.c
fn=_dl_hwcaps_subdirs_active
29 1
38 3
43 1
48 1
52 1
fl=./elf/../sysdeps/x86_64/dl-machine.h
fn=_dl_fixup
229 10
fn=_dl_relocate_object
71 24
77 16
81 12
87 4
95 12
115 8
117 8
119 20
262 6816
283 6816
287 6816
294 141670
296 27154
299 13559
300 4
301 10
304 4
305 6
316 6
323 8
326 20448
360 6
361 9
368 6
370 4
379 4
422 54
426 72
431 54
440 36
450 10146
474 28
484 18
490 3
494 4
495 4
496 4
497 1
507 4
508 6
509 2
510 4
529 6324
530 2108
534 4216
535 4216
545 2346
549 2232
552 3348
553 1116
579 114
581 57
582 57
fn=_dl_start
45 1
71 1
287 21
296 70
299 14
326 47
346 12
347 6
414 1
534 284
535 426
fn=_dl_sysdep_start
215 1
fl=./elf/../sysdeps/x86_64/dl-runtime.h
fn=_dl_fixup
28 10
fl=./elf/../sysdeps/x86_64/dl-trampoline.h
fn=_dl_runtime_resolve_xsave
67 10
72 10
75 10
77 10
87 10
93 10
94 10
95 10
96 10
97 10
98 10
99 10
103 10
104 10
107 10
108 10
110 10
111 10
112 10
113 10
114 10
115 10
117 10
124 10
125 10
126 10
127 10
132 10
133 10
134 10
136 10
137 10
138 10
139 10
140 10
141 10
142 10
144 10
146 10
150 10
152 10
fl=./elf/./dl-find_object.h
fn=_dl_find_object_from_map
95 16
96 16
97 8
103 40
104 220
105 152
107 24
112 8
fl=./elf/./dl-hwcaps.h
fn=_dl_important_hwcaps
54 12
56 8
57 1
88 9
89 8
90 6
fl=./elf/./dl-load.h
fn=_dl_map_object_from_fd
91 36
92 15
94 36
95 20
96 24
97 16
99 16
fl=./elf/./dl-main.h
fn=dl_main
109 5
fl=./elf/./dl-map-segments.h
fn=_dl_map_object_from_fd
28 15
29 36
36 5
37 7
41 2
44 4
45 8
46 2
49 4
55 3
56 7
58 6
59 2
60 2
61 3
96 10
102 5
103 13
106 15
107 10
109 10
116 24
119 21
126 5
128 5
136 90
138 52
140 143
141 13
150 72
156 5
157 5
158 25
159 10
166 10
169 10
177 35
178 10
183 10
187 16
190 4
195 18
fl=./elf/./dl-sym-post.h
fn=lookup_malloc_symbol
41 8
53 12
fl=./elf/./dl-tunable-types.h
fn=__GI___tunable_set_val
90 10
fl=./elf/./elf/dl-audit.c
fn=_dl_audit_activity_map
28 6
29 1
30 3
36 6
fn=_dl_audit_activity_nsid
40 18
44 12
45 3
46 12
50 18
fn=_dl_audit_objclose
96 7
97 28
fn=_dl_audit_objopen
76 5
77 20
fn=_dl_audit_preinit
117 1
118 4
fl=./elf/./elf/dl-cache.c
fn=_dl_cache_libcmp
370 117
371 477
373 642
375 224
381 15
382 15
383 195
385 195
387 10
393 418
395 418
396 102
399 175
400 175
403 54
fn=_dl_load_cache_lookup
194 68
208 4
212 32
218 48
219 8
221 20
228 84
230 122
231 68
235 68
239 102
240 68
248 18
250 10
253 10
255 30
257 5
267 8
277 8
278 12
294 8
303 8
306 8
308 12
309 8
314 24
315 16
322 8
343 16
359 30
360 13
362 34
416 40
418 8
421 12
424 5
432 5
433 8
436 7
437 1
444 1
445 2
490 9
495 12
498 12
513 8
525 72
526 16
527 4
528 32
fn=_dl_unload_cache
537 2
538 4
540 2
541 1
545 1
547 2
fl=./elf/./elf/dl-call-libc-early-init.c
fn=_dl_call_libc_early_init
27 4
29 2
33 7
37 2
39 4
40 2
41 3
fl=./elf/./elf/dl-debug.c
fn=_dl_debug_initialize
56 1
57 1
59 2
61 1
63 3
64 2
85 2
90 3
91 2
92 1
95 2
96 6
99 2
107 2
fn=_dl_debug_state
116 2
117 2
fn=_dl_debug_update
38 6
40 12
41 6
44 12
48 6
fl=./elf/./elf/dl-deps.c
fn=_dl_map_object_deps
144 6
145 8
146 5
148 3
152 8
159 15
160 22
176 7
177 1
180 1
198 2
199 3
200 2
202 1
204 19
206 7
209 7
213 28
214 46
217 15
221 15
224 22
226 25
231 10
232 5
233 10
237 574
238 277
244 99
246 11
248 44
249 22
258 11
260 22
265 35
268 5
269 5
270 5
271 10
273 5
275 25
279 33
280 24
282 375
298 1
380 12
433 21
435 15
438 10
439 10
445 5
446 25
447 25
450 5
451 5
455 28
457 7
458 32
464 6
465 1
468 4
479 3
481 2
486 5
487 1
488 9
490 27
494 7
499 14
501 15
506 7
509 2
560 2
561 3
598 3
599 2
602 1
613 5
618 8
619 4
623 1
625 1
626 1
627 2
634 3
637 3
640 8
fn=openaux
61 33
64 121
65 11
68 11
69 22
fl=./elf/./elf/dl-environ.c
fn=_dl_next_ld_env_entry
28 2
29 2
32 229
34 150
35 32
37 1
40 2
42 1
45 74
49 1
fl=./elf/./elf/dl-error-skeleton.c
fn=_dl_catch_error
225 10
227 2
228 2
229 2
230 2
232 5
fn=_dl_catch_exception
175 72
178 24
180 24
199 12
200 24
203 24
206 84
208 36
209 24
210 48
219 48
fn=_dl_receive_error
238 6
239 1
240 1
243 1
244 1
246 1
248 1
249 1
250 4
fl=./elf/./elf/dl-find_object.c
fn=_dl_find_object_init
561 4
564 1
566 2
573 2
579 2
580 3
582 2
585 2
590 1
591 1
594 3
596 2
599 6
601 1
604 4
fn=_dlfo_process_initial
474 4
475 2
477 2
478 4
481 6
485 2
486 8
487 82
488 52
490 24
493 28
495 40
499 16
504 24
505 34
506 14
508 52
511 48
513 36
515 12
516 12
517 24
529 2
531 8
fn=_dlfo_sort_mappings
536 1
537 2
540 40
544 18
545 180
546 237
553 36
554 45
555 18
557 1
fl=./elf/./elf/dl-fini.c
fn=_dl_fini
31 9
48 7
51 7
54 2
56 1
59 2
61 6
66 1
68 3
73 17
78 25
80 14
82 14
84 14
85 7
86 7
90 7
92 6
93 6
99 5
108 2
113 27
115 7
117 21
120 14
123 21
124 6
127 10
138 20
139 5
140 10
141 50
142 10
146 15
147 15
153 14
158 7
162 5
168 6
174 2
181 8
fl=./elf/./elf/dl-hwcaps.c
fn=_dl_important_hwcaps
55 16
57 2
58 6
59 2
80 16
82 2
83 16
87 2
89 6
90 2
91 2
103 6
105 2
108 3
111 1
115 4
128 12
130 12
131 8
132 2
133 2
136 2
145 15
146 4
154 2
158 7
159 2
160 3
164 1
165 3
166 2
175 14
176 7
178 2
179 4
204 2
205 3
215 3
216 6
220 19
221 6
222 4
225 3
228 21
230 9
231 4
233 6
234 2
235 6
236 2
238 3
240 4
241 2
242 1
245 5
246 1
249 2
252 3
253 5
256 8
257 3
259 2
260 8
261 4
262 4
272 4
276 10
282 2
283 2
291 3
304 2
306 1
315 2
328 1
331 2
338 1
341 2
344 14
347 17
348 17
349 5
352 12
354 5
359 34
360 8
364 23
367 48
368 72
369 48
371 9
374 3
375 2
376 15
378 6
379 2
381 1
382 7
389 22
390 4
392 8
395 4
401 9
fl=./elf/./elf/dl-hwcaps_split.c
fn=_dl_hwcaps_contains
66 6
67 12
68 6
77 6
fn=_dl_hwcaps_split
25 4
26 3
27 1
47 4
fn=_dl_hwcaps_split_masked
26 42
30 24
34 72
35 12
36 24
41 27
42 18
43 9
45 6
51 55
55 5
56 18
57 27
58 54
62 44
fl=./elf/./elf/dl-init.c
fn=_dl_init
31 48
33 44
77 12
78 1
79 1
82 3
85 2
90 2
115 1
116 26
117 14
123 8
fn=call_init.part.0
26 63
39 21
42 21
43 2
47 12
55 18
56 24
59 6
60 12
66 15
68 10
69 109
70 84
72 42
fl=./elf/./elf/dl-load.c
fn=_dl_dst_count
238 66
241 22
244 22
245 11
264 77
fn=_dl_init_paths
706 13
720 4
725 1
727 2
734 5
735 2
739 4
741 4
747 1
748 1
756 8
758 8
759 4
761 5
762 7
763 7
766 9
767 10
768 18
770 26
776 1
777 1
782 1
785 3
787 4
789 3
806 1
808 3
822 2
825 3
856 1
857 8
fn=_dl_map_object
682 39
685 4
688 6
691 2
692 2
696 20
2022 120
2024 5
2030 24
2031 48
2034 222
2039 343
2041 245
2045 84
2046 126
2049 110
2050 66
2051 88
2068 35
2069 15
2077 15
2092 5
2094 25
2098 16
2100 8
2107 16
2111 8
2112 4
2116 15
2117 5
2131 20
2132 40
2133 4
2142 8
2157 12
2164 8
2165 4
2173 4
2187 8
2189 12
2193 12
2195 8
2199 8
2207 12
2230 28
2234 12
2235 8
2252 8
2258 1
2259 4
2260 2
2261 3
2265 6
2268 3
2280 20
2282 16
2326 10
2327 75
2329 108
fn=_dl_map_object_from_fd
944 70
954 15
961 20
975 1
999 95
1000 40
1018 10
1046 20
1056 10
1063 40
1064 10
1075 15
1076 20
1077 10
1079 15
1080 20
1081 8
1084 17
1085 6
1096 10
1098 5
1100 110
1101 5
1102 5
1103 5
1104 5
1110 190
1111 466
1117 10
1124 12
1125 15
1126 50
1131 2
1132 1
1137 123
1145 36
1146 136
1147 54
1148 54
1149 36
1151 126
1153 36
1157 36
1158 65
1162 36
1163 144
1173 18
1176 6
1180 8
1181 2
1185 10
1186 4
1189 2
1194 8
1195 10
1201 25
1209 10
1210 5
1213 20
1218 15
1228 82
1229 36
1235 10
1245 20
1252 35
1268 20
1269 15
1275 18
1276 10
1278 10
1288 15
1307 15
1309 25
1361 15
1362 4
1368 170
1369 257
1375 71
1380 20
1393 10
1395 20
1397 10
1413 10
1417 10
1418 10
1435 10
1436 1
1439 10
1444 10
1454 10
1461 30
1462 12
1463 27
1464 9
1465 5
1471 10
1472 8
1477 4
1484 15
1487 20
1506 22
1510 35
1511 20
1515 45
fn=_dl_process_pt_gnu_property
868 10
869 10
870 5
876 10
882 25
885 15
886 10
887 10
930 5
fn=expand_dynamic_string_token
241 3
244 2
385 9
399 2
410 7
fn=open_verify.constprop.0
1568 44
1607 12
1626 20
1628 8
1633 4
1639 4
1640 4
1645 40
1647 8
1649 8
1651 8
1657 8
1674 65
1748 8
1753 8
1755 16
1761 8
1767 20
1768 16
1769 6
1772 16
1773 9
1789 243
1790 102
1791 32
1795 32
1796 18
1801 4
1802 32
1812 28
1820 72
1822 8
1823 72
1826 24
1831 2
1832 16
1835 4
1838 6
1839 10
1840 4
1841 6
1842 6
1856 36
fn=open_verify.constprop.1
1568 11
1607 3
1626 5
1628 2
1633 1
1639 1
1640 1
1645 10
1647 2
1649 2
1651 2
1657 2
1674 14
1748 2
1753 2
1755 4
1761 2
1767 5
1768 4
1769 2
1789 46
1790 17
1791 4
1795 4
1796 3
1820 9
1822 1
1823 9
1826 3
1832 2
1856 9
fl=./elf/./elf/dl-lookup-direct.c
fn=_dl_lookup_direct
32 15
33 9
35 6
36 6
48 12
51 6
53 18
57 9
58 21
59 15
74 36
76 6
78 21
79 6
81 12
84 25
86 9
93 6
115 3
116 27
fl=./elf/./elf/dl-lookup.c
fn=_dl_lookup_symbol_x
204 12702
580 4234
581 369916
582 361448
583 2117
840 29638
842 4234
843 4234
846 2117
850 16882
852 12702
853 4234
855 4234
859 4309
860 35989
865 6351
867 90
884 2117
885 45
888 4234
889 14698
896 2102
929 8408
943 6306
944 2
946 6306
953 19053
1008 4204
fn=check_match
70 27404
73 14756
78 2101
86 10515
89 4554
93 2103
94 4206
96 4200
115 4200
116 16800
117 10495
118 2
119 2
144 6
146 18
147 12
150 2
151 7
153 3
155 12
162 12648
fn=do_lookup_x
170 301
171 1075
172 940
174 98
175 294
176 528
179 152
180 152
182 152
183 70
222 488
224 1342
226 366
227 122
228 366
230 2684
231 726
234 759
235 413
237 200
247 40
248 80
250 160
251 40
254 426
257 132
258 396
259 132
262 1134
269 10
272 4
279 286
280 276
281 350
285 16
286 2
288 2
289 6
305 3
313 2
315 2
318 1
319 1
320 2
323 574
324 492
331 328
342 410
347 164
349 328
363 27521
364 2117
370 2117
374 13322
377 13322
381 26034
385 13320
389 13320
395 19980
399 6660
400 6660
403 33300
404 19980
407 6660
408 13320
410 6660
411 6351
412 13320
415 33300
418 46620
421 4422
422 8844
423 4422
425 26508
428 27205
430 6324
431 29512
432 4216
435 6324
438 10034
452 16808
469 217
471 2
477 4204
528 4204
535 10808
539 4323
551 3960
552 1980
553 4204
570 13677
573 15
574 16936
fl=./elf/./elf/dl-minimal-malloc.c
fn=__minimal_calloc
78 85
82 17
85 17
86 51
fn=__minimal_free
95 7
97 28
fn=__minimal_malloc
35 195
36 117
41 3
42 2
43 2
47 156
50 261
55 12
56 12
58 3
59 24
61 6
63 6
65 8
68 40
69 43
71 156
fl=./elf/./elf/dl-minimal.c
fn=__rtld_malloc_init_real
76 8
86 2
87 1
89 1
91 6
92 5
93 5
94 4
99 1
100 1
101 1
102 1
103 7
fn=__rtld_malloc_init_stubs
42 1
43 2
44 2
45 2
46 2
47 1
fn=lookup_malloc_symbol
61 28
63 4
64 28
68 28
69 28
71 4
72 20
fl=./elf/./elf/dl-misc.c
fn=_dl_higher_prime_number
87 2
124 2
125 2
127 26
129 80
130 37
131 6
145 2
146 2
fn=_dl_name_match_p
68 642
69 428
70 18
72 107
74 422
75 610
80 104
82 89
83 428
fn=_dl_sysdep_read_whole_file
36 9
39 3
40 2
42 6
44 2
47 2
49 8
60 3
63 7
fl=./elf/./elf/dl-object.c
fn=_dl_add_to_namespace_list
31 36
33 18
35 47
38 80
40 5
42 5
45 2
46 18
47 12
48 12
50 12
51 18
fn=_dl_new_object
59 84
62 12
64 2
66 3
67 2
71 2
77 5
80 10
83 20
87 10
92 11
95 12
98 6
99 6
100 12
103 12
104 42
106 6
119 22
125 1
127 42
130 12
131 17
132 6
136 6
139 75
141 16
149 12
150 6
153 1
155 36
157 20
160 14
164 24
168 30
176 2
179 12
189 18
191 25
195 15
200 20
208 5
212 5
245 20
250 168
251 168
253 10
256 5
259 5
263 54
fl=./elf/./elf/dl-reloc.c
fn=_dl_relocate_object
194 91
204 12
205 21
208 14
210 21
212 7
213 21
232 14
238 35
239 14
240 2
242 14
249 28
288 410
291 42
308 3218
315 7
318 14
335 21
337 56
343 42
346 14
350 14
351 42
fl=./elf/./elf/dl-runtime.c
fn=_dl_fixup
46 80
48 50
49 30
54 10
55 40
56 70
58 20
63 20
67 20
69 40
71 30
75 30
76 40
84 10
85 30
95 110
99 50
109 100
124 40
133 30
159 30
163 60
fl=./elf/./elf/dl-setup_hash.c
fn=_dl_setup_hash
25 14
28 21
31 21
32 14
33 7
34 7
36 21
37 7
38 21
40 28
41 14
45 21
50 7
fl=./elf/./elf/dl-sort-maps.c
fn=_dl_sort_maps
145 64
186 2
187 50
188 28
223 38
228 4
230 2
231 16
233 36
235 14
238 28
256 4
269 2
276 10
290 22
298 6
302 18
fn=_dl_sort_maps_init
281 2
282 4
283 1
284 3
285 2
fn=dfs_traversal.part.0
140 112
145 10
148 14
150 42
152 180
155 66
161 49
176 42
177 14
178 84
fl=./elf/./elf/dl-tunables.c
fn=__GI___tunable_set_val
102 45
111 5
112 25
113 40
116 15
119 10
123 10
130 10
131 10
134 30
135 5
136 5
137 5
157 25
161 5
fn=__GI___tunables_init
71 380
74 150
77 6769
81 150
86 300
273 7
282 9
305 10500
311 16500
323 300
357 8
fn=__tunable_get_val
405 36
408 390
417 46
427 26
428 26
434 180
436 36
fl=./elf/./elf/dl-tunables.h
fn=__GI___tunable_set_val
121 10
122 5
131 20
fn=__GI___tunables_init
140 1051
141 3096
fl=./elf/./elf/dl-version.c
fn=_dl_check_all_versions
361 6
363 2
365 26
366 7
367 63
370 7
fn=_dl_check_map_versions
36 171
37 47
38 290
56 160
64 120
70 120
86 40
87 80
89 40
94 1424
108 1144
110 40
113 331
120 1596
124 532
142 22
155 70
156 7
164 7
170 21
172 35
174 14
175 14
177 14
180 15
184 15
197 6
198 6
200 22
208 33
213 44
217 360
219 40
221 109
224 160
227 120
232 29
236 44
241 12
250 15
253 20
256 484
259 363
263 116
267 12
272 6
273 12
274 12
284 6
287 30
289 18
292 20
294 6
296 33
299 120
301 160
303 200
304 80
305 120
306 120
309 120
314 29
317 33
322 6
327 18
330 20
334 116
336 242
340 116
341 580
342 348
343 116
346 363
350 116
356 63
fl=./elf/./elf/do-rel.h
fn=_dl_relocate_object
49 42
50 14
52 10
53 12
60 42
63 3551
65 4692
67 171
76 24
77 193
78 114
86 60
88 20
100 30
110 16
113 6346
114 4216
120 40
124 32
126 10228
128 17020
129 13616
130 10212
131 13616
133 10212
135 10
138 2
142 3402
145 10263
146 69
158 30
159 16
160 6
163 6
165 8
166 2
167 6
175 25
177 42
178 12
180 18
188 6
191 18
205 4
fn=_dl_start
49 4
50 1
86 10
88 4
113 431
114 284
118 4
126 28
128 21
129 14
130 14
fl=./elf/./elf/get-dynamic-info.h
fn=_dl_map_object_from_fd
39 10
43 5
45 515
49 250
54 129
55 88
56 25
58 5
59 25
61 5
62 25
64 25
68 125
72 20
82 17
83 20
84 20
85 20
87 20
92 19
93 19
94 20
97 15
102 8
109 10
110 15
132 15
137 4
139 4
141 4
143 4
147 15
149 3
150 2
159 2
160 3
165 3
169 10
fl=./elf/./elf/libc_early_init.c
fn=__libc_early_init
33 7
35 1
38 2
41 1
47 4
49 2
fl=./elf/./elf/rtld.c
fn=_dl_start
85 8
488 3
489 1
490 6
492 2
501 1
507 4
509 2
527 10
553 1
556 2
557 1
573 56
575 1
588 1
592 2
607 9
fn=dl_main
85 16
92 12
93 2
101 7
205 2
207 1
232 2
233 4
234 4
304 3
310 1
311 2
862 1
864 1
870 1
873 1
875 1
880 1
1140 2
1143 1
1146 1
1148 2
1150 1
1151 1
1166 1
1169 46
1170 117
1174 3
1179 3
1180 9
1189 2
1190 2
1192 1
1199 3
1211 1
1217 1
1225 8
1226 18
1227 8
1228 1
1230 12
1231 14
1232 2
1235 8
1236 8
1237 4
1238 10
1239 1
1243 12
1271 2
1275 4
1277 1
1281 26
1282 61
1288 17
1294 3
1297 4
1299 3
1301 2
1320 14
1325 1
1326 1
1332 1
1348 3
1349 4
1627 10
1629 2
1630 2
1631 2
1632 3
1636 3
1637 2
1662 3
1663 6
1664 3
1665 3
1668 1
1670 1
1671 1
1673 2
1674 2
1678 2
1680 2
1688 3
1695 2
1698 2
1723 9
1731 4
1733 1
1738 2
1741 4
1742 4
1743 2
1744 1
1745 1
1746 1
1751 2
1752 3
1764 2
1765 2
1767 2
1769 1
1770 3
1775 5
1776 5
1778 4
1784 2
1786 3
1793 2
1797 1
1798 2
1822 2
1828 2
1829 1
1830 1
1834 3
1839 3
1841 1
1843 2
1847 5
1852 2
1868 6
1944 4
1948 19
1949 1
1952 3
1953 1
1954 2
1955 2
1960 3
1970 8
1976 31
1977 17
1980 4
1981 3
1982 1
1984 23
1985 22
1995 2
1997 3
1998 2
2000 2
2002 3
2004 3
2005 1
2006 2
2018 2
2019 2
2020 3
2031 4
2032 4
2033 5
2043 2
2044 2
2045 4
2047 2
2052 3
2282 3
2331 1
2338 2
2342 2
2348 2
2351 2
2359 2
2361 2
2415 3
2418 1
2422 1
2423 35
2425 14
2430 14
2432 16
2434 1
2435 1
2438 7
2440 21
2441 48
2445 18
2446 6
2454 2
2459 4
2461 1
2468 3
2471 2
2481 3
2483 4
2493 1
2498 2
2501 1
2507 1
2508 5
2516 3
2523 1
2527 3
2532 3
2533 1
2534 1
2535 1
2539 1
2544 8
2677 3
2679 1
2683 6
2685 11
2687 1
2689 41
2690 7
2698 7
2719 2
2726 6
2728 2
2729 1
2818 1
2829 1
2845 4
2877 2
fn=handle_preload_list
191 3
831 1
835 1
836 2
837 1
839 1
841 7
842 3
850 3
894 12
895 3
899 5
902 4
903 3
905 5
906 2
912 1
914 2
916 2
917 1
920 9
fn=init_tls
756 3
758 2
762 3
768 2
771 1
772 1
773 1
777 1
779 1
783 2
784 2
785 18
786 7
787 14
791 6
793 2
795 3
798 2
801 1
808 2
809 2
815 2
818 8
821 1
822 1
825 5
fn=map_doit
663 3
665 4
666 6
668 2
fn=version_check_doit
696 3
698 6
702 2
fl=./elf/./get-dynamic-info.h
fn=_dl_start
45 75
49 36
54 21
55 14
56 5
58 1
59 5
61 1
62 5
64 5
68 19
72 3
82 4
83 4
84 4
85 4
87 4
92 4
93 4
94 4
97 3
102 2
109 3
110 3
118 2
119 2
124 3
127 3
fn=dl_main
39 3
43 1
45 115
49 56
54 25
55 17
56 5
58 1
59 5
61 1
62 5
64 5
68 28
72 5
82 3
83 4
84 4
85 4
87 4
92 4
93 4
94 5
97 3
102 2
109 2
110 3
132 3
137 2
139 2
141 2
143 2
144 1
147 3
149 3
150 2
159 2
160 3
165 2
166 2
169 2
fl=./elf/./setup-vdso.h
fn=dl_main
24 2
fl=./io/../sysdeps/unix/sysv/linux/access.c
fn=access
25 1
27 7
31 1
fl=./io/../sysdeps/unix/sysv/linux/close_nocancel.c
fn=__GI___close_nocancel
25 6
26 24
27 6
fn=__close_nocancel
25 1
26 4
27 1
fl=./io/../sysdeps/unix/sysv/linux/fstat64.c
fn=fstat
29 16
30 16
35 24
fl=./io/../sysdeps/unix/sysv/linux/fstatat64.c
fn=fstatat
98 16
153 16
168 24
169 8
fl=./io/../sysdeps/unix/sysv/linux/lseek64.c
fn=lseek
28 1
36 4
38 1
fl=./io/../sysdeps/unix/sysv/linux/open64.c
fn=open
30 10
33 7
41 10
43 7
fl=./io/../sysdeps/unix/sysv/linux/open64_nocancel.c
fn=__open_nocancel
28 24
31 42
39 42
41 6
fl=./io/../sysdeps/unix/sysv/linux/pread64_nocancel.c
fn=__pread64_nocancel
25 8
26 16
27 4
fl=./io/../sysdeps/unix/sysv/linux/read.c
fn=read
25 488
26 2928
27 488
fl=./io/../sysdeps/unix/sysv/linux/read_nocancel.c
fn=__read_nocancel
25 5
26 20
27 5
fl=./io/../sysdeps/unix/sysv/linux/write.c
fn=write
25 22
26 154
27 22
fl=./libio/../include/sys/sysmacros.h
fn=_IO_file_doallocate
47 6
fl=./libio/../libio/libioP.h
fn=_IO_seekoff_unlocked
940 3
942 2
943 2
fl=./libio/./libio/feof.c
fn=feof
32 5
35 10
36 5
37 15
38 15
41 5
fl=./libio/./libio/filedoalloc.c
fn=_IO_file_doallocate
78 18
84 18
86 8
89 2
91 2
94 2
97 8
101 6
102 4
104 8
105 2
106 16
fl=./libio/./libio/fileops.c
fn=_IO_do_write@@GLIBC_2.2.5
423 221
425 157
426 177
433 44
440 88
443 22
448 110
449 110
451 66
452 44
453 22
454 44
455 88
fn=_IO_file_close
1164 1
1167 2
fn=_IO_file_close_it@@GLIBC_2.2.5
128 4
130 3
133 2
134 3
137 1
139 2
142 7
145 3
153 5
154 4
157 2
158 1
159 1
160 1
162 2
163 5
fn=_IO_file_finish@@GLIBC_2.2.5
168 5
169 2
175 3
176 3
fn=_IO_file_fopen@@GLIBC_2.2.5
213 11
214 2
222 2
224 6
227 1
228 1
247 8
280 5
283 2
286 4
287 2
356 12
fn=_IO_file_open
182 9
184 2
185 1
188 2
189 2
191 1
192 6
195 3
205 2
206 1
207 4
fn=_IO_file_overflow@@GLIBC_2.2.5
731 505
732 404
739 503
742 2
744 2
745 6
754 3
763 3
765 1
766 1
767 2
768 3
770 3
771 5
772 1
774 202
775 42
776 121
777 160
780 240
781 240
782 320
783 8
784 6
786 80
787 383
fn=_IO_file_read
1130 488
1131 488
1132 488
1133 1464
fn=_IO_file_seek
1139 1
1140 2
fn=_IO_file_seekoff@@GLIBC_2.2.5
848 3
900 12
908 3
914 7
917 2
929 2
942 4
975 2
980 3
981 1
997 2
1001 5
1002 2
1003 3
1006 2
1008 5
1009 2
1011 2
1026 7
1029 2
1030 1
1031 2
1054 11
fn=_IO_file_setbuf@@GLIBC_2.2.5
381 3
382 3
385 1
387 3
389 2
390 2
fn=_IO_file_stat
1146 2
1147 4
fn=_IO_file_sync@@GLIBC_2.2.5
792 5
797 4
799 1
800 2
811 2
815 4
fn=_IO_file_underflow@@GLIBC_2.2.5
461 4392
465 1464
468 976
474 1464
477 976
480 3
485 2
489 978
498 976
505 976
511 2928
516 2440
518 976
521 14
525 486
531 2
532 2
534 1458
535 486
536 972
537 3904
fn=_IO_file_write@@GLIBC_2.2.5
1173 154
1175 176
1179 66
1180 66
1181 44
1186 22
1187 22
1189 66
1190 66
1193 132
fn=_IO_file_xsputn@@GLIBC_2.2.5
443 40
1197 1120
1203 528
1204 140
1210 496
1212 494
1213 246
1216 1809
1218 1911
1220 20
1227 3
1231 61
1233 123
1235 492
1236 123
1237 369
1239 246
1243 126
1249 42
1250 147
1252 42
1263 63
1264 4
1266 3
1267 1260
fn=_IO_new_file_init_internal
106 3
110 1
111 1
113 1
114 1
115 2
fl=./libio/./libio/fputc.c
fn=fputc
32 56
35 16
36 56
41 32
fl=./libio/./libio/genops.c
fn=_IO_cleanup
786 6
787 11
790 12
799 9
801 6
807 13
815 5
817 2
819 4
820 1
824 5
826 3
830 5
831 8
838 3
842 9
843 2
863 11
866 3
878 12
fn=_IO_default_finish
54 2
601 3
603 3
609 3
612 3
624 2
fn=_IO_default_setbuf
330 5
332 4
337 2
452 9
453 5
455 4
457 3
458 2
462 1
466 4
467 1
468 6
fn=_IO_default_uflow
361 2450
362 1470
363 980
365 1944
366 1960
fn=_IO_default_xsputn
371 13
374 2
375 1
379 74
399 128
401 14
404 8
fn=_IO_doallocbuf
343 8
344 4
346 8
347 10
350 8
fn=_IO_flush_all_lockp
686 12
687 1
691 6
692 11
695 12
697 3
698 6
701 21
709 6
711 3
715 9
716 2
720 12
fn=_IO_free_backup_area
187 3
188 2
190 2
191 2
192 1
194 2
fn=_IO_link_in
87 20
88 8
90 2
92 7
93 12
94 1
95 13
97 2
98 1
100 13
101 1
102 7
103 2
106 21
fn=_IO_no_init
563 30
564 3
565 3
566 6
568 1
572 6
579 1
581 1
586 4
587 3
588 18
fn=_IO_old_init
531 3
532 6
534 18
539 21
544 3
550 6
555 9
556 2
558 3
fn=_IO_setb
329 45
330 22
331 1
332 5
335 33
338 21
fn=_IO_sputbackc
635 4000010
638 2400006
639 1600004
641 1600004
642 800002
647 800002
648 800002
651 3200008
fn=_IO_switch_to_get_mode
164 2440
165 1464
168 1464
172 976
173 976
176 488
178 976
180 976
181 488
182 1952
fn=_IO_un_link
53 2
54 4
82 2
fn=_IO_unsave_markers
960 3
962 2
967 3
969 2
fn=__GI__IO_un_link.part.0
52 9
58 6
59 12
60 1
61 14
63 3
65 2
66 2
74 3
76 13
77 1
78 9
79 2
82 9
fn=__overflow
199 198
201 198
203 198
204 132
fn=__uflow
173 490
299 2450
300 2450
305 1470
308 1470
310 980
316 980
321 1470
323 1960
324 1470
fl=./libio/./libio/iofclose.c
fn=fclose@@GLIBC_2.2.5
34 5
48 3
49 1
51 14
52 3
53 3
57 4
58 3
71 2
76 5
fl=./libio/./libio/iofopen.c
fn=fopen@@GLIBC_2.2.5
37 2
65 2
67 3
70 2
72 7
73 2
74 2
75 7
85 8
87 7
fl=./libio/./libio/ioputs.c
fn=puts
33 16
35 4
36 30
38 4
39 8
40 12
41 16
42 8
46 14
fl=./libio/./libio/ioseekoff.c
fn=_IO_seekoff_unlocked
33 7
34 2
43 7
59 5
60 4
fl=./libio/./libio/libioP.h
fn=_IO_cleanup
940 4
942 2
943 2
fn=_IO_default_setbuf
940 3
942 2
943 2
fn=_IO_default_uflow
940 1470
942 980
943 980
fn=_IO_default_xsputn
940 3
942 28
943 28
fn=_IO_do_write@@GLIBC_2.2.5
940 88
942 44
943 44
fn=_IO_doallocbuf
940 6
942 4
943 4
fn=_IO_file_close_it@@GLIBC_2.2.5
940 3
942 2
943 2
fn=_IO_file_doallocate
940 6
942 4
943 4
fn=_IO_file_seekoff@@GLIBC_2.2.5
940 2
942 3
943 2
fn=_IO_file_underflow@@GLIBC_2.2.5
940 976
942 1952
943 976
fn=_IO_file_xsputn@@GLIBC_2.2.5
940 63
942 42
943 42
fn=_IO_flush_all_lockp
940 4
fn=__overflow
940 198
942 132
943 132
fn=__uflow
940 1470
942 980
943 980
fn=fclose@@GLIBC_2.2.5
855 4
856 4
862 2
883 7
884 7
940 3
942 2
943 2
fn=puts
883 4
884 20
940 6
942 4
943 4
fn=rewind
883 2
884 9
fl=./libio/./libio/rewind.c
fn=rewind
32 5
34 13
35 5
36 4
38 4
fl=./libio/./libio/strops.c
fn=_IO_str_init_static_internal
36 28
40 4
41 8
46 10
50 20
51 10
64 2
65 14
fn=_IO_str_underflow
142 2
143 8
145 10
151 6
154 2
155 2
fl=./libio/./libio/vtables.c
fn=check_stdfiles_vtables
83 1
84 4
85 3
86 3
88 1
fl=./malloc/./malloc/arena.c
fn=free
162 1500012
fn=malloc
162 707754
315 1
fn=ptmalloc_init.part.0
313 6
318 1
343 2
347 3
352 4
353 4
354 4
355 4
356 4
357 4
358 4
360 4
361 4
362 4
365 4
366 4
367 2
430 7
fn=sysmalloc
565 81
fl=./malloc/./malloc/malloc.c
fn=_int_free
2012 1499925
3181 78
3183 156
3184 39
3185 78
4421 5500154
4431 1500042
4437 2500070
4438 1000028
4442 2000056
4449 1000028
4450 3500098
4453 500013
4459 1500039
4479 2500065
4482 39
4493 999950
4504 1999896
4506 1499922
4527 499974
4528 499974
4532 1499922
4534 1499922
4538 999948
4540 1999896
4541 499974
4560 1999896
4569 2
4572 1
4575 5
4578 1
4582 3
4585 2
4590 3
4593 2
4594 2
4595 2
4601 2
4610 2
4615 2
4619 1
4627 1
4628 4
4629 2
4631 1
4633 2
4635 3
4638 1
4639 1
4641 3
4642 1
4672 2
4692 3
4702 5500154
fn=_int_malloc
1343 707756
1362 1606889
2005 1061634
3177 160546
3181 296351
3183 488080
3185 423874
3186 28882
3771 3184902
3811 707756
3838 1032758
3841 18810
3843 516374
3845 1712935
3847 37620
3850 56430
3851 112860
3853 574116
3856 37620
3857 37620
3863 37620
3864 112860
3869 150474
3870 695943
3872 263328
3874 394992
3875 789984
3901 10
3903 333002
3904 670136
3906 1005195
3908 2063
3909 4126
3911 2063
3912 2063
3913 2063
3915 6189
3921 4126
3922 12378
3927 53638
3928 28882
3932 14441
3933 14441
3934 28882
3936 14441
3937 14441
3944 2063
3963 109
3964 9
3965 162501
3982 1665022
3983 999015
3984 999015
3988 333005
3993 5
3994 1480550
3996 49513
3997 198052
3998 49513
4000 99026
4001 148539
4003 49513
4004 198052
4006 198052
4008 99026
4009 99026
4011 99026
4022 198052
4023 2
4025 10
4053 49513
4054 49513
4058 99026
4061 1332020
4067 15
4087 99026
4089 99026
4090 198052
4091 49513
4147 297078
4149 198052
4150 49513
4151 49513
4156 99026
4157 99026
4158 15
4166 148539
4183 666012
4185 12
4188 9
4256 666012
4257 666012
4258 666012
4259 666012
4260 999018
4265 732035
4269 2399964
4272 3299935
4279 66020
4287 33010
4290 66020
4292 5
4293 1
4294 1
4299 99027
4302 66018
4304 66018
4307 132036
4310 132036
4312 33009
4313 99027
4347 33009
4369 299997
4370 599994
4372 599994
4375 900155
4377 299915
4378 599830
4379 299915
4380 2399320
4382 599830
4385 299915
4392 246
4394 2
4396 4
4397 382756
4399 4995030
4407 405
4408 162
4413 3184902
fn=free
3352 2000017
3356 1000010
3364 1000008
3366 500004
3368 1500012
3385 1500012
3391 1000008
3394 500004
3395 2000017
fn=malloc
1343 1000012
1362 2300028
3193 292258
3194 292258
3196 584516
3197 292258
3198 146129
3241 4
3287 3000036
3294 1000012
3304 900012
3306 2000024
3309 1000012
3311 1500012
3319 1061631
3321 1415508
3322 1769385
3347 2500030
fn=malloc_consolidate
4715 8
4730 1
4732 2
4743 1
4745 20
4746 20
4749 99026
4753 148539
4754 198052
4759 247565
4762 99026
4763 49513
4764 148539
4766 99026
4775 99026
4778 99026
4782 99026
4784 49513
4785 99026
4786 99026
4788 99026
4793 148539
4795 49513
4796 49513
4805 148538
4808 30
4809 8
fn=ptmalloc_init.part.0
1966 385
1969 381
1977 1
1978 1
1980 1
3162 7
fn=sysmalloc
2028 252
2548 729
2568 324
2579 162
2580 243
2606 81
2607 243
2608 81
2610 124
2617 884
2623 243
2626 243
2687 162
2696 324
2709 243
2713 3
2717 405
2725 162
2727 162
2728 243
2729 162
2730 81
2733 162
2746 76
2752 152
2754 57
2758 19
2762 38
2764 162
2765 2
2766 367
2772 379
2773 244
2775 42
2802 19
2815 3
2837 2
2838 7
2840 2
2841 4
2853 3
2867 38
2886 38
2895 20
2896 80
2897 24
2908 40
2915 38
2916 57
2924 19
2926 19
2931 38
2933 50
2941 172
2942 81
2946 81
2947 162
2950 162
2952 81
2953 81
2954 81
2955 648
2956 162
2958 162
2964 891
fn=sysmalloc_mmap_fallback.constprop.0
2028 76
2508 171
2512 19
2515 38
2516 5
2519 38
2523 38
2524 19
2526 171
2529 38
2533 38
2540 19
2542 19
2544 133
fn=tcache_init.part.0
3235 3
3244 8
3245 4
3246 2
3254 4
3261 2
3263 2
3264 88
3267 4
fn=unlink_chunk.constprop.0
1626 33009
1628 165045
1631 165045
1632 33009
1634 132036
1637 33009
1638 33009
1639 66018
1663 66018
fl=./malloc/./malloc/morecore.c
fn=__glibc_morecore
25 164
26 164
27 19
29 82
30 164
34 164
fl=./malloc/./malloc/scratch_buffer_set_array_size.c
fn=__libc_scratch_buffer_set_array_size
30 50
34 5
35 10
45 10
46 5
63 20
fl=./math/../sysdeps/x86_64/fpu/multiarch/e_asin.c
fn=__acos_finite@GLIBC_2.15
35 1
fn=__asin_finite@GLIBC_2.15
27 2
fl=./math/../sysdeps/x86_64/fpu/multiarch/e_atan2.c
fn=__atan2_finite@GLIBC_2.15
26 2
fl=./math/../sysdeps/x86_64/fpu/multiarch/e_exp.c
fn=__exp_finite@GLIBC_2.15
27 2
fl=./math/../sysdeps/x86_64/fpu/multiarch/e_exp2f.c
fn=exp2f@@GLIBC_2.27
27 2
fl=./math/../sysdeps/x86_64/fpu/multiarch/e_expf.c
fn=expf@@GLIBC_2.27
27 2
fl=./math/../sysdeps/x86_64/fpu/multiarch/e_log.c
fn=__log_finite@GLIBC_2.15
27 2
fl=./math/../sysdeps/x86_64/fpu/multiarch/e_log2f.c
fn=log2f@@GLIBC_2.27
27 2
fl=./math/../sysdeps/x86_64/fpu/multiarch/e_logf.c
fn=logf@@GLIBC_2.27
27 2
fl=./math/../sysdeps/x86_64/fpu/multiarch/e_pow.c
fn=__pow_finite@GLIBC_2.15
27 2
fl=./math/../sysdeps/x86_64/fpu/multiarch/e_powf.c
fn=powf@@GLIBC_2.27
30 1
fl=./math/../sysdeps/x86_64/fpu/multiarch/ifunc-avx-fma4.h
fn=__atan2_finite@GLIBC_2.15
32 5
33 2
fn=__exp_finite@GLIBC_2.15
32 5
33 2
fn=__log_finite@GLIBC_2.15
32 5
33 2
fn=cos
32 5
33 2
fn=sin
32 5
33 2
fl=./math/../sysdeps/x86_64/fpu/multiarch/ifunc-fma.h
fn=cosf
29 4
30 3
fn=exp2f@@GLIBC_2.27
29 4
30 3
fn=expf@@GLIBC_2.27
29 4
30 3
fn=log2f@@GLIBC_2.27
29 4
30 3
fn=logf@@GLIBC_2.27
29 4
30 3
fn=powf@@GLIBC_2.27
29 4
30 4
fn=sincosf
29 4
30 3
fn=sinf
29 4
30 3
fl=./math/../sysdeps/x86_64/fpu/multiarch/ifunc-fma4.h
fn=__acos_finite@GLIBC_2.15
31 4
32 2
35 1
fn=__asin_finite@GLIBC_2.15
31 4
32 2
fn=__pow_finite@GLIBC_2.15
31 4
32 2
fl=./math/../sysdeps/x86_64/fpu/multiarch/s_cosf.c
fn=cosf
26 2
fl=./math/../sysdeps/x86_64/fpu/multiarch/s_fma.c
fn=fma
49 6
fl=./math/../sysdeps/x86_64/fpu/multiarch/s_sin.c
fn=cos
34 2
fn=sin
27 2
fl=./math/../sysdeps/x86_64/fpu/multiarch/s_sincosf.c
fn=sincosf
26 2
fl=./math/../sysdeps/x86_64/fpu/multiarch/s_sinf.c
fn=sinf
26 2
fl=./misc/../sysdeps/unix/syscall-template.S
fn=mprotect
117 50
122 10
fn=munmap
117 15
122 3
fl=./misc/../sysdeps/unix/sysv/linux/brk.c
fn=brk
35 82
36 328
37 164
39 38
40 38
43 63
44 63
fl=./misc/../sysdeps/unix/sysv/linux/mmap64.c
fn=mmap
47 88
50 88
58 176
60 44
fl=./misc/./misc/init-misc.c
fn=__init_misc
30 5
31 5
33 3
37 5
38 3
40 4
fl=./misc/./misc/sbrk.c
fn=sbrk
37 410
40 164
43 164
58 164
59 4
60 19
62 164
63 2
66 324
74 243
78 410
fl=./nptl/../sysdeps/unix/sysv/linux/x86/elision-conf.c
fn=__lll_elision_init
96 6
101 5
103 4
105 4
107 4
109 4
113 3
114 1
115 6
fl=./nptl/./nptl/alloca_cutoff.c
fn=__libc_alloca_cutoff
27 14
28 126
35 14
fl=./nptl/./nptl/libc-cleanup.c
fn=__libc_cleanup_pop_restore
39 200028
42 400056
44 400056
45 400056
47 200028
fn=__libc_cleanup_push_defer
24 200028
27 400056
30 800112
31 200028
33 200028
34 200028
fl=./nptl/./nptl/pthread_mutex_conf.c
fn=__pthread_tunables_init
50 6
51 5
53 4
55 6
fl=./nptl/./nptl/pthread_mutex_lock.c
fn=pthread_mutex_lock@@GLIBC_2.2.5
44 1
45 8
46 1
77 3
80 3
82 1
84 2
88 2
97 2
108 4
112 1
115 2
130 3
131 2
167 1
170 1
172 1
175 1
177 1
178 3
fl=./nptl/./nptl/pthread_mutex_unlock.c
fn=pthread_mutex_unlock@@GLIBC_2.2.5
39 1
40 5
41 2
51 3
52 2
57 2
62 1
65 1
70 1
74 2
80 4
84 3
87 3
367 2
369 2
fl=./posix/../malloc/dynarray-skeleton.c
fn=__unregister_atfork
243 5
fl=./posix/../sysdeps/unix/syscall-template.S
fn=uname
120 5
122 1
fl=./posix/../sysdeps/unix/sysv/linux/_exit.c
fn=_Exit
27 2
30 3
31 2
fl=./posix/./posix/register-atfork.c
fn=__unregister_atfork
65 10
76 15
77 20
103 20
104 10
fl=./resource/../sysdeps/unix/sysv/linux/getrlimit64.c
fn=getrlimit
38 2
39 7
40 1
fl=./setjmp/../sysdeps/x86_64/bsd-_setjmp.S
fn=_setjmp
28 1
30 1
32 1
fl=./setjmp/../sysdeps/x86_64/setjmp.S
fn=__sigsetjmp
30 13
32 13
41 13
42 26
43 13
47 13
48 13
49 13
50 13
51 13
53 26
55 13
56 13
57 13
59 26
61 13
66 1
67 1
69 12
72 12
73 12
80 12
81 12
84 1
fl=./setjmp/./setjmp/sigjmp.c
fn=__sigjmp_save
28 3
29 1
30 2
34 3
fl=./stdio-common/../include/../locale/localeinfo.h
fn=__printf_fp_l
315 42
fl=./stdio-common/../include/rounding-mode.h
fn=__printf_fp_l
52 46
58 18
fl=./stdio-common/../include/scratch_buffer.h
fn=__vfscanf_internal
77 600012
78 200004
85 600012
113 1400014
fl=./stdio-common/../libio/libioP.h
fn=__vfprintf_internal
940 80
942 414
943 276
fl=./stdio-common/../libio/strfile.h
fn=__isoc99_sscanf
92 2
93 14
94 4
95 10
fl=./stdio-common/../sysdeps/generic/get-rounding-mode.h
fn=__printf_fp_l
94 14
95 98
fl=./stdio-common/../sysdeps/pthread/allocalim.h
fn=__printf_fp_l
27 28
29 70
fl=./stdio-common/./stdio-common/_itoa.c
fn=_itoa_word
163 72
166 144
168 72
177 1080
186 72
fl=./stdio-common/./stdio-common/fprintf.c
fn=fprintf
27 66
31 36
32 18
36 30
fl=./stdio-common/./stdio-common/isoc99_fscanf.c
fn=__isoc99_fscanf
25 2200022
29 1200012
30 600006
34 1000010
fl=./stdio-common/./stdio-common/isoc99_sscanf.c
fn=__isoc99_sscanf
24 32
30 12
31 10
35 16
fl=./stdio-common/./stdio-common/printf-parse.h
fn=__vfprintf_internal
78 84
88 66
111 344
fl=./stdio-common/./stdio-common/printf.c
fn=printf
28 294
32 84
33 84
37 70
fl=./stdio-common/./stdio-common/printf_fp.c
fn=__printf_fp
1278 42
1279 56
fn=__printf_fp_l
216 224
233 14
234 14
257 14
260 28
266 84
274 14
277 42
280 28
298 42
306 14
387 28
388 28
392 28
396 238
432 70
433 14
434 28
437 252
438 224
439 224
445 14
446 28
649 28
652 10
662 10
665 50
666 50
669 10
670 50
675 120
677 240
684 30
685 12
686 6
688 6
690 40
693 18
694 12
695 18
697 36
698 12
699 24
706 24
728 18
736 12
737 24
742 24
745 18
746 12
753 6
756 36
769 18
779 12
782 24
787 120
789 586
791 30
795 20
796 8
799 12
800 28
808 16
809 8
810 4
813 44
825 20
826 20
827 8
831 42
835 20
840 20
841 84
843 28
847 28
848 14
853 28
855 14
856 66
857 14
858 14
859 56
861 12
863 8
867 10
868 30
883 28
901 32
915 68
916 14
922 14
932 252
933 30
936 62
939 28
942 32
944 4
946 24
948 12
954 10
955 20
956 30
960 42
961 56
962 126
963 168
965 28
966 84
967 28
969 112
978 42
979 70
981 112
982 4
983 16
986 8
991 16
1003 27
1007 9
1008 54
1013 18
1017 18
1028 18
1097 42
1104 10
1107 42
1120 42
1166 98
1168 98
1170 112
1175 42
1177 28
1180 70
1188 42
1195 42
1200 56
1202 56
1203 28
1207 56
1209 42
1220 224
1227 336
1228 168
1229 56
1230 84
1233 84
1237 84
1254 1022
1257 42
1268 42
1272 168
fn=hack_digit
170 184
173 378
175 120
177 160
178 200
209 40
210 230
fl=./stdio-common/./stdio-common/vfprintf-internal.c
fn=__vfprintf_internal
127 1812
192 144
239 966
351 42
352 42
354 28
1180 240
1210 100
1214 20
1218 99
1222 100
1233 40
1240 20
1244 120
1248 20
1259 200
1260 260
1263 80
1267 60
1271 160
1291 66
1292 66
1293 66
1294 66
1295 66
1298 66
1299 66
1300 66
1301 66
1302 66
1303 66
1306 66
1307 132
1313 990
1352 198
1392 72
1421 14
1422 42
1448 42
1463 204
1499 28
1501 132
1516 3150
1517 520
1532 108
1535 476
1555 262
1556 28
1559 28
1564 44
1583 66
1589 66
1593 264
1595 152
1608 220
1609 80
1611 20
1612 240
fl=./stdio-common/./stdio-common/vfscanf-internal.c
fn=__vfscanf_internal
206 400004
214 400004
222 2000020
223 800008
260 2135964
263 1751976
278 2600052
282 200004
283 200004
284 200004
288 1000020
289 400008
293 200004
313 200004
325 200004
326 200004
327 200004
328 400008
332 200004
339 1000020
345 1000019
348 800020
352 400008
359 400008
365 200004
367 800016
372 4200062
377 200004
381 2400024
418 800008
442 800008
443 800008
482 400004
488 2000020
504 1600016
525 1600016
529 400004
532 4000040
570 600012
612 800008
616 800008
617 1200012
618 1800018
621 1200012
622 3200032
628 7200114
631 4800024
632 2800028
633 2800018
637 4200042
1017 1000010
1019 3800038
1021 3800010
1022 2
1023 12
1031 5800000
1033 600000
1034 200000
1099 2400000
1101 4800000
1102 4000000
1144 11801956
1389 200002
1390 200002
1391 200002
1398 2000020
1403 600006
1412 1600016
1428 4
1435 800008
1438 800008
1669 600006
1733 1167982
1735 1167980
1737 1000000
1740 2903940
1742 1600006
1797 383990
1799 1535960
1801 3456106
1804 400004
1811 400004
1812 400004
1813 36060
1814 36060
1840 1200004
1844 400004
1861 600006
1862 800008
1868 600006
1871 1000010
1873 400004
1877 600006
1879 400004
1881 400004
1882 600006
1896 2000020
1900 400004
2048 1000000
2180 1200024
2429 1000020
2943 400000
2983 800000
2985 400000
2991 400000
2993 400000
3015 1000010
3025 2600034
3029 400008
3031 6
3046 400004
3052 2400048
fl=./stdlib/../stdlib/strtol.c
fn=__strtol_internal
97 200002
98 600006
fl=./stdlib/../stdlib/strtol_l.c
fn=____strtol_l_internal
225 2200022
239 200002
244 200002
245 400004
251 400004
279 200002
282 800008
291 1200012
293 400004
297 200002
298 400004
303 400004
307 400004
309 200002
317 400004
324 400004
327 800008
377 200002
431 767980
433 2335968
435 1151970
449 400004
459 800008
463 1151970
466 1151970
471 783994
472 1151970
477 400004
482 600006
483 200002
488 400004
489 400004
491 600006
506 1000010
524 1600016
fl=./stdlib/../sysdeps/ieee754/dbl-64/dbl2mpn.c
fn=__mpn_extract_double
33 42
35 14
37 42
38 70
47 42
56 42
103 28
107 28
fl=./stdlib/../sysdeps/unix/sysv/linux/getrandom.c
fn=getrandom
28 1
29 7
30 1
fl=./stdlib/../sysdeps/x86_64/lshift.S
fn=__mpn_lshift
28 14
29 14
30 14
32 14
33 14
34 14
46 14
47 14
48 14
49 14
50 14
51 14
52 14
58 14
59 14
60 14
fl=./stdlib/../sysdeps/x86_64/mul_1.S
fn=__mpn_mul_1
31 50
32 50
35 50
36 50
37 50
38 50
39 50
41 50
42 50
44 50
45 50
46 50
47 50
48 40
50 40
51 40
52 40
53 40
79 10
80 10
81 10
82 10
83 10
84 10
85 10
86 10
87 10
113 10
114 10
115 10
117 10
118 10
119 10
120 10
121 10
122 50
124 50
127 50
fl=./stdlib/../sysdeps/x86_64/rshift.S
fn=__mpn_rshift
28 10
29 10
30 10
31 10
44 10
45 10
61 10
62 10
63 10
64 10
65 10
66 10
67 10
72 10
73 10
74 10
75 10
76 10
fl=./stdlib/./stdlib/cxa_atexit.c
fn=__cxa_atexit
41 20
43 60
44 20
46 20
53 30
55 10
56 20
58 10
59 40
60 10
69 90
71 60
fn=__new_exitfn
82 50
83 20
88 20
93 44
95 40
96 45
103 1
106 18
124 1
125 2
131 27
132 18
138 10
139 10
143 50
fl=./stdlib/./stdlib/cxa_finalize.c
fn=__cxa_finalize
30 45
33 30
36 30
40 176
41 108
43 9
45 9
76 9
79 27
82 36
83 27
84 36
88 18
94 35
98 30
105 10
106 10
107 20
108 40
fl=./stdlib/./stdlib/cxa_thread_atexit_impl.c
fn=__call_tls_dtors
149 4
150 4
168 4
fl=./stdlib/./stdlib/exit.c
fn=__run_exit_handlers
40 11
45 2
46 2
48 5
56 1
58 3
62 1
66 24
68 20
71 88
98 1
105 2
106 1
107 1
109 2
112 4
113 3
114 4
124 2
125 2
131 4
133 2
134 9
136 2
fn=exit
142 4
143 4
fl=./stdlib/./stdlib/mul.c
fn=__mpn_mul
48 102
54 12
66 12
71 6
72 12
81 6
83 18
84 6
88 12
142 66
fl=./string/../include/rtld-malloc.h
fn=strdup
56 10
fl=./string/../string/strstr.c
fn=__GI_strstr
77 11
82 3
84 5
85 2
129 1
161 12
fl=./string/../sysdeps/x86/cacheinfo.c
fn=__x86_cacheinfo
86 3
fl=./string/../sysdeps/x86/cacheinfo.h
fn=__x86_cacheinfo
61 1
64 3
66 3
67 1
73 3
75 3
76 1
80 2
82 2
83 2
84 2
86 2
fl=./string/../sysdeps/x86_64/memcmp.S
fn=bcmp
22 1
27 1
28 1
29 1
30 1
31 1
32 1
33 1
34 1
37 1
38 1
39 1
40 1
41 1
42 1
43 1
44 1
45 1
47 1
48 1
65 1
66 1
83 1
84 1
85 1
86 1
87 1
91 1
93 1
94 1
98 1
138 1
139 1
140 1
141 1
142 1
143 1
144 1
145 1
146 1
147 1
148 1
149 1
150 1
fl=./string/../sysdeps/x86_64/multiarch/../strchr.S
fn=index
23 26
24 26
25 26
26 26
27 26
28 26
29 26
30 26
31 26
32 26
33 26
34 26
35 26
36 26
37 26
38 26
39 26
40 26
41 22
45 22
46 22
47 22
48 22
50 22
54 4
55 4
56 4
57 4
58 4
59 4
60 4
61 4
62 4
63 4
64 4
65 4
66 4
67 4
68 4
69 4
70 4
71 4
72 4
73 4
74 4
75 4
76 4
77 6
82 1
83 1
86 1
87 1
88 1
89 1
90 1
91 1
92 1
93 1
94 1
95 1
96 1
97 1
98 1
99 1
100 1
101 1
102 1
103 1
105 1
106 1
108 1
109 1
110 1
111 1
112 1
113 1
114 1
115 1
117 1
118 1
119 1
120 1
121 1
122 1
123 1
124 1
125 1
126 1
129 4
133 4
134 4
135 4
136 4
138 4
fl=./string/../sysdeps/x86_64/multiarch/ifunc-avx2.h
fn=memrchr
32 2
33 5
34 3
36 2
37 2
40 3
43 4
fn=rindex
32 2
33 5
34 3
36 2
37 2
40 3
43 4
fn=strchrnul
32 2
33 5
34 3
36 2
37 2
40 3
43 4
fn=strlen
32 4
33 10
34 6
36 4
37 4
40 6
43 8
fn=strnlen
32 4
33 10
34 6
36 4
37 4
40 6
43 8
fl=./string/../sysdeps/x86_64/multiarch/ifunc-evex.h
fn=memchr
34 2
35 5
36 3
38 2
39 2
41 2
47 3
50 4
fn=rawmemchr
34 2
35 5
36 3
38 2
39 2
41 2
47 3
50 4
fl=./string/../sysdeps/x86_64/multiarch/ifunc-memcmp.h
fn=bcmp
34 4
35 3
36 2
37 3
39 2
40 2
43 3
46 3
fl=./string/../sysdeps/x86_64/multiarch/ifunc-memmove.h
fn=memcpy@@GLIBC_2.14
52 2
53 3
56 3
57 2
70 2
72 2
80 2
88 2
90 5
fn=memmove
52 4
53 6
56 6
57 4
70 4
72 4
80 4
88 4
90 10
fn=mempcpy
52 2
53 3
56 3
57 2
70 2
72 2
80 2
88 2
90 5
fl=./string/../sysdeps/x86_64/multiarch/ifunc-memset.h
fn=memset
50 5
53 3
54 2
60 2
69 2
71 2
81 2
89 2
91 5
fl=./string/../sysdeps/x86_64/multiarch/ifunc-sse4_2.h
fn=strcspn
30 5
fn=strpbrk
30 5
fn=strspn
30 5
fl=./string/../sysdeps/x86_64/multiarch/ifunc-strcasecmp.h
fn=strcasecmp
32 5
fn=strcasecmp_l
32 5
fn=strncasecmp
32 5
fn=strncasecmp_l
32 5
fl=./string/../sysdeps/x86_64/multiarch/ifunc-strcpy.h
fn=stpcpy
36 4
37 3
39 2
40 2
43 3
46 3
fn=stpncpy
36 4
37 3
39 2
40 2
43 3
46 3
fn=strcat
36 4
37 3
39 2
40 2
43 3
46 3
fn=strcpy
36 4
37 3
39 2
40 2
43 3
46 3
fn=strncpy
36 4
37 3
39 2
40 2
43 3
46 3
fl=./string/../sysdeps/x86_64/multiarch/memchr-avx2.S
fn=__rawmemchr_avx2
60 2
72 2
73 2
75 2
76 2
77 2
78 2
81 1
82 1
88 1
89 1
90 1
91 1
92 2
118 1
121 1
122 1
123 1
135 1
141 1
142 1
150 1
151 1
152 1
153 2
199 1
200 1
206 1
207 1
fl=./string/../sysdeps/x86_64/multiarch/memchr.c
fn=memchr
29 2
fl=./string/../sysdeps/x86_64/multiarch/memcmp.c
fn=bcmp
29 3
fl=./string/../sysdeps/x86_64/multiarch/memcpy.c
fn=memcpy@@GLIBC_2.14
29 1
fl=./string/../sysdeps/x86_64/multiarch/memmove-vec-unaligned-erms.S
fn=__memcpy_avx_unaligned_erms
314 137
315 137
357 137
358 137
360 135
361 135
363 102
367 102
368 68
369 68
370 68
371 68
372 6
373 6
375 68
377 68
383 34
384 34
385 34
386 34
387 34
394 2
395 2
396 2
397 2
399 2
416 33
417 33
418 33
419 33
420 33
fn=__mempcpy_avx_unaligned_erms
294 137
295 137
296 137
297 137
fn=memcpy
212 30
213 30
219 44
220 44
222 28
223 28
224 28
226 13
227 13
228 13
230 13
360 16
361 16
363 7
367 7
368 4
369 4
370 3
371 3
372 2
373 2
375 3
377 4
383 3
384 3
385 3
386 3
387 3
416 9
417 9
418 9
419 9
420 9
427 11
428 11
429 11
430 11
431 11
432 11
433 11
444 15
445 15
447 15
448 15
449 15
451 4
452 4
453 4
454 4
455 4
456 4
457 4
458 4
459 4
460 4
461 4
462 4
463 4
464 4
465 4
fn=mempcpy
199 14
200 14
201 14
202 14
fl=./string/../sysdeps/x86_64/multiarch/memmove.c
fn=memmove
29 2
fl=./string/../sysdeps/x86_64/multiarch/mempcpy.c
fn=mempcpy
33 1
fl=./string/../sysdeps/x86_64/multiarch/memrchr.c
fn=memrchr
29 3
fl=./string/../sysdeps/x86_64/multiarch/memset-vec-unaligned-erms.S
fn=memset
125 11
126 55
132 11
133 11
134 9
135 9
137 1
138 1
139 1
204 4
205 4
207 4
283 8
284 8
289 8
292 8
293 8
296 4
297 4
310 4
311 4
313 4
316 3
319 6
322 85
323 85
324 85
325 85
326 85
327 85
328 85
331 4
332 4
333 4
334 4
339 4
368 2
369 2
370 2
402 2
403 2
404 2
fl=./string/../sysdeps/x86_64/multiarch/memset.c
fn=memset
29 1
fl=./string/../sysdeps/x86_64/multiarch/rawmemchr.c
fn=rawmemchr
31 2
fl=./string/../sysdeps/x86_64/multiarch/stpcpy.c
fn=stpcpy
33 3
fl=./string/../sysdeps/x86_64/multiarch/stpncpy.c
fn=stpncpy
31 3
fl=./string/../sysdeps/x86_64/multiarch/strcasecmp.c
fn=strcasecmp
31 2
fl=./string/../sysdeps/x86_64/multiarch/strcasecmp_l.c
fn=strcasecmp_l
31 2
fl=./string/../sysdeps/x86_64/multiarch/strcat.c
fn=strcat
29 3
fl=./string/../sysdeps/x86_64/multiarch/strchr-avx2.S
fn=__strchr_avx2
51 1
53 1
54 1
55 1
56 1
57 1
60 1
61 1
65 1
66 1
67 1
68 1
69 1
70 1
71 1
72 1
75 1
76 1
99 1
100 2
fn=__strchrnul_avx2
51 86
53 86
54 86
55 86
56 86
57 86
60 86
61 86
65 86
66 86
67 86
68 86
69 86
70 86
71 86
72 86
78 86
79 172
fl=./string/../sysdeps/x86_64/multiarch/strchr.c
fn=index
40 2
41 4
42 3
44 2
45 2
48 3
51 3
61 3
fl=./string/../sysdeps/x86_64/multiarch/strchrnul.c
fn=strchrnul
31 3
fl=./string/../sysdeps/x86_64/multiarch/strcmp-avx2.S
fn=__strcmp_avx2
83 3841908
106 3841908
107 3841908
109 3841908
110 3841908
111 3841908
112 3841908
113 3841908
115 3042286
116 3042286
117 3042286
118 3042286
119 3042286
120 3042286
121 3042286
122 3042286
140 3042286
141 3042286
142 3042286
145 6084572
718 799622
719 799622
723 799622
734 799622
735 799622
736 799622
738 1599244
748 799622
749 799622
751 465088
752 465088
753 465088
754 465088
755 465088
756 465088
757 465088
772 334534
773 334534
774 334534
775 334534
776 334534
777 334534
778 334534
779 334534
780 334534
fl=./string/../sysdeps/x86_64/multiarch/strcmp.c
fn=strcmp
41 8
42 6
44 4
49 6
52 6
65 4
fl=./string/../sysdeps/x86_64/multiarch/strcpy.c
fn=strcpy
29 3
fl=./string/../sysdeps/x86_64/multiarch/strcspn.c
fn=strcspn
29 2
fl=./string/../sysdeps/x86_64/multiarch/strlen-avx2.S
fn=__strlen_avx2
50 200032
63 200032
64 200032
65 200032
68 200032
70 200032
71 200032
74 200032
75 200032
83 200032
84 200032
85 200032
90 400064
fl=./string/../sysdeps/x86_64/multiarch/strlen-vec.S
fn=strlen
41 28
85 28
86 28
87 28
88 28
89 28
90 28
91 28
93 28
95 28
126 28
127 28
128 28
129 28
130 28
131 13
133 13
137 15
138 15
139 15
140 15
141 15
142 15
143 15
144 15
145 15
146 15
147 15
148 15
153 114
227 3
228 3
229 3
230 3
231 3
232 3
233 3
234 3
250 3
252 3
253 42
255 3
256 3
257 3
259 3
fl=./string/../sysdeps/x86_64/multiarch/strlen.c
fn=strlen
29 6
fl=./string/../sysdeps/x86_64/multiarch/strncase.c
fn=strncasecmp
31 2
fl=./string/../sysdeps/x86_64/multiarch/strncase_l.c
fn=strncasecmp_l
31 2
fl=./string/../sysdeps/x86_64/multiarch/strncmp.c
fn=strncmp
41 4
42 3
44 2
49 3
52 3
66 2
fl=./string/../sysdeps/x86_64/multiarch/strncpy.c
fn=strncpy
29 3
fl=./string/../sysdeps/x86_64/multiarch/strnlen.c
fn=strnlen
31 6
fl=./string/../sysdeps/x86_64/multiarch/strpbrk.c
fn=strpbrk
29 2
fl=./string/../sysdeps/x86_64/multiarch/strrchr-avx2.S
fn=__strrchr_avx2
46 1
47 1
48 1
50 1
51 1
54 1
55 1
56 1
58 1
59 1
60 1
61 1
62 1
63 1
65 1
66 1
78 1
79 1
219 1
220 1
221 1
222 1
223 1
225 1
226 1
227 1
228 2
fl=./string/../sysdeps/x86_64/multiarch/strrchr.c
fn=rindex
28 3
fl=./string/../sysdeps/x86_64/multiarch/strspn.c
fn=strspn
29 2
fl=./string/../sysdeps/x86_64/strcmp.S
fn=strcmp
108 2502
141 2502
142 2502
144 2502
145 2502
166 2502
167 2502
168 2358
169 2358
170 2276
171 2276
172 2276
173 2276
194 2276
195 2276
196 2276
197 2276
198 2276
199 2276
200 2276
205 35
206 105
215 261
216 261
217 261
218 261
219 261
220 261
221 261
222 261
223 151
224 87
225 87
226 87
228 151
229 151
230 151
231 151
232 151
233 151
243 110
244 110
245 110
247 110
253 110
254 110
255 110
256 110
257 110
262 110
264 103
265 103
266 206
274 122
275 122
278 122
279 122
280 122
281 122
282 122
283 122
289 31
290 31
291 31
294 31
295 31
296 31
297 31
298 31
299 31
304 19
305 19
444 4
445 4
446 4
447 4
448 4
450 4
451 4
452 4
453 4
454 4
455 4
456 4
457 1
460 1
461 1
462 1
468 1
469 1
470 2
474 1
475 1
478 1
479 1
480 1
483 1
484 1
485 1
491 1
492 1
493 1
494 1
495 1
496 1
693 1
694 1
695 1
696 1
697 1
699 1
700 1
701 1
702 1
703 1
704 1
705 1
706 1
710 1
711 1
712 1
718 1
719 1
720 2
724 1
725 1
728 1
729 1
730 1
733 1
734 1
735 1
741 1
742 1
743 1
744 1
745 1
746 1
818 2
819 2
820 2
821 2
822 2
824 2
825 2
826 2
827 2
828 2
829 2
830 2
831 2
835 2
836 2
837 2
843 2
844 2
845 4
849 2
850 2
853 2
854 2
855 2
858 2
859 2
860 2
866 2
867 2
868 2
869 2
870 2
871 2
878 2
879 2
881 2
882 2
884 2
885 2
886 2
889 2
890 2
891 2
897 2
898 2
899 2
900 2
901 2
902 2
943 1
944 1
945 1
946 1
947 1
949 1
950 1
951 1
952 1
953 1
954 1
955 1
956 1
960 1
961 1
962 1
968 1
969 1
970 2
974 1
975 1
978 1
979 1
980 1
983 1
984 1
985 1
991 1
992 1
993 1
994 1
995 1
996 1
1068 9
1069 9
1070 9
1071 9
1072 9
1074 9
1075 9
1076 9
1077 9
1078 9
1079 9
1080 9
1081 2
1085 2
1086 2
1087 2
1093 2
1094 2
1095 4
1099 2
1100 2
1103 2
1104 2
1105 2
1108 2
1109 2
1110 2
1116 2
1117 2
1118 2
1119 2
1120 2
1121 2
1128 1
1129 1
1131 1
1132 1
1134 1
1135 1
1136 1
1139 1
1140 1
1141 1
1147 1
1148 1
1149 1
1150 1
1151 1
1152 1
1193 3
1194 3
1195 3
1196 3
1197 3
1199 3
1200 3
1201 3
1202 3
1203 3
1204 3
1205 3
1318 29
1319 29
1320 29
1321 29
1322 29
1324 29
1325 29
1326 29
1327 29
1328 29
1329 29
1330 29
1331 6
1335 6
1336 6
1337 6
1343 6
1344 6
1345 12
1349 6
1350 6
1353 5
1354 5
1355 5
1358 5
1359 5
1360 5
1366 5
1367 5
1368 5
1369 5
1370 5
1371 5
1415 1
1416 1
1417 1
1418 1
1431 1
1432 1
1433 1
1434 1
1443 13
1444 13
1445 13
1446 13
1447 13
1449 13
1450 13
1451 13
1452 13
1453 13
1454 13
1455 13
1456 3
1460 3
1461 3
1462 3
1468 3
1469 3
1470 6
1474 3
1475 3
1478 3
1479 3
1480 3
1483 3
1484 3
1485 3
1491 3
1492 3
1493 3
1494 3
1495 3
1496 3
1568 16
1569 16
1570 16
1571 16
1572 16
1574 16
1575 16
1576 16
1577 16
1578 16
1579 16
1580 16
1581 8
1585 8
1586 8
1587 8
1593 8
1594 8
1595 16
1599 8
1600 8
1603 8
1604 8
1605 8
1608 8
1609 8
1610 8
1616 8
1617 8
1618 8
1619 8
1620 8
1621 8
1693 10
1694 10
1695 10
1696 10
1697 10
1699 10
1700 10
1701 10
1702 10
1703 10
1704 10
1705 10
1706 6
1710 6
1711 6
1712 6
1718 6
1719 6
1720 12
1724 6
1725 6
1728 6
1729 6
1730 6
1733 6
1734 6
1735 6
1741 6
1742 6
1743 6
1744 6
1745 6
1746 6
1818 9
1819 9
1820 9
1821 9
1822 9
1824 9
1825 9
1826 9
1827 9
1828 9
1829 9
1830 9
1831 2
1835 2
1836 2
1837 2
1843 2
1844 2
1845 4
1849 2
1850 2
1853 2
1854 2
1855 2
1858 2
1859 2
1860 2
1866 2
1867 2
1868 2
1869 2
1870 2
1871 2
1878 1
1879 1
1881 1
1882 1
1884 1
1885 1
1886 1
1889 1
1890 1
1891 1
1897 1
1898 1
1899 1
1900 1
1901 1
1902 1
1943 4
1944 4
1945 4
1946 4
1947 4
1949 4
1950 4
1951 4
1952 4
1953 4
1954 4
1955 4
1956 2
1960 2
1961 2
1962 2
1968 2
1969 2
1970 4
1974 2
1975 2
1978 2
1979 2
1980 2
1983 2
1984 2
1985 2
1991 2
1992 2
1993 2
1994 2
1995 2
1996 2
2068 50
2069 50
2070 50
2071 50
2072 50
2074 50
2075 50
2076 50
2077 50
2078 50
2079 50
2080 50
2082 12
2086 12
2087 12
2088 12
2094 12
2095 12
2097 24
2101 12
2102 12
2105 12
2106 12
2107 12
2110 12
2111 12
2112 12
2118 12
2119 12
2120 12
2121 12
2122 12
2123 12
2190 1
2191 1
2192 1
2193 2
2197 149
2199 261
2200 261
2201 261
2202 261
2203 174
2208 2502
2214 2502
2215 2502
2223 2502
2224 2502
fl=./string/../sysdeps/x86_64/strcspn.S
fn=strcspn
25 1
27 1
34 1
35 1
37 1
38 1
39 1
40 1
41 33
44 3
51 1
52 1
53 1
54 1
56 1
57 1
58 1
59 1
61 1
62 1
63 1
72 3
84 18
86 18
87 18
88 18
90 18
91 18
92 18
94 17
95 17
96 17
98 17
99 17
100 17
104 1
106 1
113 1
117 1
fl=./string/./string/strdup.c
fn=strdup
40 25
41 10
44 10
47 20
48 15
fl=./time/../sysdeps/unix/sysv/linux/clock.c
fn=clock
25 120
31 120
34 24
35 192
36 120
fl=./time/../sysdeps/unix/sysv/linux/clock_gettime.c
fn=clock_gettime@@GLIBC_2.17
30 24
38 48
40 48
44 24
68 48
69 48
86 24
fl=./wcsmbs/../sysdeps/x86_64/multiarch/ifunc-avx2.h
fn=wcschr
32 4
33 10
34 6
36 4
37 4
40 6
43 8
fn=wcscmp
32 2
33 5
34 3
36 2
37 2
40 3
43 4
fl=./wcsmbs/../sysdeps/x86_64/multiarch/ifunc-evex.h
fn=wmemchr
34 4
35 10
36 6
38 4
39 4
41 4
47 6
50 8
fl=./wcsmbs/../sysdeps/x86_64/multiarch/ifunc-memcmp.h
fn=wmemcmp
34 4
35 3
36 2
37 3
39 2
40 2
43 3
46 3
fl=./wcsmbs/../sysdeps/x86_64/multiarch/ifunc-wcslen.h
fn=wcslen
33 2
34 4
35 3
37 2
38 2
41 3
44 3
fn=wcsnlen
33 2
34 4
35 3
37 2
38 2
41 3
44 3
fl=./wcsmbs/../sysdeps/x86_64/multiarch/ifunc-wmemset.h
fn=wmemset
33 10
34 6
36 4
44 6
47 8
fl=./wcsmbs/../sysdeps/x86_64/multiarch/wcschr.c
fn=wcschr
31 6
fl=./wcsmbs/../sysdeps/x86_64/multiarch/wcscmp.c
fn=wcscmp
30 3
fl=./wcsmbs/../sysdeps/x86_64/multiarch/wcscpy.c
fn=wcscpy
37 5
43 2
fl=./wcsmbs/../sysdeps/x86_64/multiarch/wcslen.c
fn=wcslen
29 3
fl=./wcsmbs/../sysdeps/x86_64/multiarch/wcsnlen.c
fn=wcsnlen
29 3
fl=./wcsmbs/../sysdeps/x86_64/multiarch/wmemchr.c
fn=wmemchr
31 4
fl=./wcsmbs/../sysdeps/x86_64/multiarch/wmemcmp.c
fn=wmemcmp
29 3
fl=./wcsmbs/../sysdeps/x86_64/multiarch/wmemset.c
fn=wmemset
31 4
fl=/home/onedisetwo/yandexDisk/bogachev_git/sem3/task10/a.cpp
fn=main
12 10
14 2
18 1
22 2
29 18
30 9
34 3
35 3
36 3
39 6
41 10
46 4
47 7
48 7
49 3
50 6
51 2
59 3
60 7
61 19
62 20
63 30
64 35
65 15
66 65
69 8
70 6
73 6
75 3
76 4
77 7
78 7
79 3
80 6
81 2
87 3
90 3
91 7
92 19
93 20
94 30
95 35
96 15
97 65
100 8
101 6
102 1
103 6
fl=/home/onedisetwo/yandexDisk/bogachev_git/sem3/task10/list2.h
fn=list2::delete_list()
134 900000
136 400000
138 1100000
139 300000
140 800000
142 600000
fn=list2::get_length() const
122 17500536
125 28438371
126 2187567
127 10937835
fn=list2::list2(list2&&)
56 1100000
57 400000
58 200000
59 600000
fn=list2::operator<(list2 const&) const
128 17288586
129 7683816
131 17288586
132 9604770
fn=list2::print(_IO_FILE*, int) const
113 30
115 3
116 45
117 31
118 16
119 18
121 18
fn=list2::read(_IO_FILE*)
76 1000010
77 400004
81 300003
84 600006
85 200002
86 7
87 2
91 700000
92 400000
94 600000
95 300000
96 800000
106 600000
111 100000
112 1000010
fn=list2::set_m(int)
74 16
fn=list2::set_r(int)
75 16
fn=list2::~list2()
69 800008
70 400004
71 300000
72 200002
73 600006
fn=list2_node::list2_node()
12 2100000
fn=list2_node::operator=(list2_node&&)
25 900000
26 500000
27 400000
28 200000
29 400000
30 200000
31 100000
32 500000
fn=list2_node::~list2_node()
20 1600008
21 400002
22 400002
23 1800009
fl=/home/onedisetwo/yandexDisk/bogachev_git/sem3/task10/student.h
fn=student::cmp(student const&) const
99 34577172
100 15367632
105 15367632
107 30735264
108 7683816
109 7683768
110 144
111 19209540
fn=student::erase()
92 4800016
93 1200004
94 2400008
95 1600000
96 400000
98 3600012
fn=student::get_length() const
62 17500536
63 13125402
64 10937835
fn=student::init(char const*, int)
71 2000000
72 600000
73 400000
74 800000
75 1400000
76 800000
77 6800000
78 12600000
83 200000
84 1000000
fn=student::operator<(student const&) const
65 86423574
fn=student::operator=(student&&)
34 900000
35 300000
37 300000
38 400000
39 200000
40 400000
41 200000
42 100000
43 500000
fn=student::print(_IO_FILE*, int) const
44 60
45 46
46 16
47 54
48 36
fn=student::read(_IO_FILE*)
49 1800018
50 200002
54 2200022
55 14
57 4
59 600000
60 1400000
61 1000010
fn=student::student()
22 1800000
fn=student::student(student&&)
24 1300000
25 400000
26 200000
27 400000
28 200000
29 600000
fn=student::~student()
30 2400016
31 900006
32 1800012
fl=/home/onedisetwo/yandexDisk/bogachev_git/sem3/task10/tree.h
fn=int max<int>(int, int)
8 4799016
9 2323856
10 2666120
fn=tree<list2>::add_node_subtree(tree_node<list2>*, tree_node<list2>*)
119 17288586
120 17288586
121 3803196
122 150135
124 5404524
127 3880620
128 149862
130 5521206
132 12526477
fn=tree<list2>::delete_subtree(tree_node<list2>*)
101 1800009
102 400002
103 100001
104 400000
105 400000
106 900000
107 1200006
fn=tree<list2>::get_balance_total(tree_node<list2>*) const
182 2000010
184 400002
185 200002
186 1300000
187 700000
188 1700000
189 600000
190 1200006
fn=tree<list2>::get_count_1(tree_node<list2>*) const
191 2000010
192 200001
193 400002
194 200002
195 766686
196 367050
197 199350
198 1500000
199 100000
200 1200006
fn=tree<list2>::get_count_leaf_students(tree_node<list2>*) const
159 1332250
160 266450
161 66450
162 600184
163 133552
164 932568
165 799350
fn=tree<list2>::get_count_max_branch(tree_node<list2>*) const
166 1465475
167 266450
168 66450
169 600184
170 133552
171 1398852
173 1065800
fn=tree<list2>::get_count_total(tree_node<list2>*) const
153 40419080
154 8083816
155 4241908
156 23051448
157 11525724
158 24251448
fn=tree<list2>::get_level_width(tree_node<list2>*, int, int) const
174 42697560
175 7116260
176 3358168
177 5637138
178 400000
179 16011414
180 16011414
181 21348780
fn=tree<list2>::print(unsigned int, _IO_FILE*) const
72 10
73 7
74 6
fn=tree<list2>::print_subtree(tree_node<list2>*, int, int, _IO_FILE*)
108 77
110 35
111 4
112 9
115 18
116 24
117 27
118 35
fn=tree<list2>::read(_IO_FILE*, unsigned int)
75 12
76 3
78 1
80 2
84 1400013
85 800000
86 200000
88 400000
89 4
91 599994
92 100000
94 3
96 7
98 1
99 12
fn=tree<list2>::task1() const
203 8
204 6
205 5
fn=tree<list2>::task2() const
206 8
207 6
208 5
fn=tree<list2>::task3() const
209 8
210 2
211 4
213 118
214 304
215 114
216 38
218 1
219 5
fn=tree<list2>::task4() const
220 8
221 6
222 5
fn=tree<list2>::task5() const
223 8
224 6
225 5
fn=tree<list2>::tasks1_5(int) const
137 45
138 50
140 4
142 4
144 4
146 4
148 4
151 25
fn=tree<list2>::tree()
55 16
fn=tree<list2>::~tree()
60 8
61 4
62 2
63 6
fn=tree<student>::add_node_subtree(tree_node<student>*, tree_node<student>*)
119 17288586
120 17288586
121 3803196
122 150135
124 5404524
127 3880620
128 149862
130 5521206
132 12526477
fn=tree<student>::delete_subtree(tree_node<student>*)
101 1800009
102 400002
103 100001
104 400000
105 400000
106 900000
107 1200006
fn=tree<student>::get_balance_total(tree_node<student>*) const
182 2000010
184 400002
185 200002
186 1300000
187 700000
188 1700000
189 600000
190 1200006
fn=tree<student>::get_count_1(tree_node<student>*) const
191 2000010
192 200001
193 400002
194 200002
195 766686
196 367050
197 132900
198 1500000
199 100000
200 1200006
fn=tree<student>::get_count_leaf_students(tree_node<student>*) const
159 1332250
160 266450
161 66450
162 600184
163 133552
164 932568
165 799350
fn=tree<student>::get_count_max_branch(tree_node<student>*) const
166 1465475
167 266450
168 66450
169 600184
170 133552
171 1332240
172 66612
173 1065800
fn=tree<student>::get_count_total(tree_node<student>*) const
153 40419080
154 8083816
155 4241908
156 21130494
157 13446678
158 24251448
fn=tree<student>::get_level_width(tree_node<student>*, int, int) const
174 42697560
175 7116260
176 3358168
177 5637138
178 400000
179 16011414
180 16011414
181 21348780
fn=tree<student>::print(unsigned int, _IO_FILE*) const
72 10
73 7
74 6
fn=tree<student>::print_subtree(tree_node<student>*, int, int, _IO_FILE*)
108 77
110 35
111 4
112 9
115 18
116 24
117 27
118 35
fn=tree<student>::read(_IO_FILE*, unsigned int)
75 12
76 4
78 1
80 2
84 1400013
85 800000
86 200000
88 400000
89 4
91 599994
92 100000
94 3
96 7
98 1
99 12
fn=tree<student>::task1() const
203 8
204 6
205 5
fn=tree<student>::task2() const
206 8
207 6
208 5
fn=tree<student>::task3() const
209 8
210 2
211 4
213 118
214 304
215 114
216 38
218 1
219 5
fn=tree<student>::task4() const
220 8
221 6
222 5
fn=tree<student>::task5() const
223 8
224 6
225 5
fn=tree<student>::tasks1_5(int) const
137 45
138 50
140 4
142 4
144 4
146 4
148 4
151 25
fn=tree<student>::tree()
55 16
fn=tree<student>::~tree()
60 8
61 4
62 2
63 6
fn=tree_node<list2>::erase_links()
45 2400008
46 1200004
47 1800006
fn=tree_node<list2>::tree_node(tree_node<list2>&&)
27 1800000
28 300000
29 300000
30 600000
fn=tree_node<list2>::~tree_node()
31 800008
32 300003
33 900009
fn=tree_node<student>::erase_links()
45 2400008
46 1200004
47 1800006
fn=tree_node<student>::tree_node(tree_node<student>&&)
27 1800000
28 300000
29 300000
30 600000
fn=tree_node<student>::~tree_node()
31 800008
32 300003
33 900009
fl=???
fn=(below main)
0 12
fn=???
0 13885287
fn=__cpu_indicator_init
0 367
fn=operator delete(void*)
0 1000004
fn=operator delete(void*, unsigned long)
0 600004
fn=operator delete[](void*)
0 400000
fn=operator new(unsigned long)
0 6000024
fn=operator new[](unsigned long)
0 400000
fn=std::error_category::error_category()
0 10
fn=std::error_category::~error_category()
0 4
fn=std::future_category()
0 3
summary: 1580649111
